01012100
01012910
01012990
01013000
01019000
01022110
01022130
01022190
01022905
01022910
01022921
01022929
01022941
01022949
01022951
01022959
01022961
01022969
01022991
01022999
01023100
01023910
01023990
01029020
01029091
01029099
01031000
01039110
01039190
01039211
01039219
01039290
01041010
01041030
01041080
01042010
01042090
01051111
01051119
01051191
01051199
01051200
01051300
01051400
01051500
01059400
01059910
01059920
01059930
01059950
01061100
01061200
01061300
01061410
01061490
01061900
01062000
01063100
01063200
01063300
01063910
01063980
01064100
01064900
01069000
02011000
02012020
02012030
02012050
02012090
02013000
02021000
02022010
02022030
02022050
02022090
02023010
02023050
02023090
02031110
02031190
02031211
02031219
02031290
02031911
02031913
02031915
02031955
02031959
02031990
02032110
02032190
02032211
02032219
02032290
02032911
02032913
02032915
02032955
02032959
02032990
02041000
02042100
02042210
02042230
02042250
02042290
02042300
02043000
02044100
02044210
02044230
02044250
02044290
02044310
02044390
02045011
02045013
02045015
02045019
02045031
02045039
02045051
02045053
02045055
02045059
02045071
02045079
02050020
02050080
02061010
02061095
02061098
02062100
02062200
02062910
02062991
02062999
02063000
02064100
02064900
02068010
02068091
02068099
02069010
02069091
02069099
02071110
02071130
02071190
02071210
02071290
02071310
02071320
02071330
02071340
02071350
02071360
02071370
02071391
02071399
02071410
02071420
02071430
02071440
02071450
02071460
02071470
02071491
02071499
02072410
02072490
02072510
02072590
02072610
02072620
02072630
02072640
02072650
02072660
02072670
02072680
02072691
02072699
02072710
02072720
02072730
02072740
02072750
02072760
02072770
02072780
02072791
02072799
02074120
02074130
02074180
02074230
02074280
02074300
02074410
02074421
02074431
02074441
02074451
02074461
02074471
02074481
02074491
02074499
02074510
02074521
02074531
02074541
02074551
02074561
02074571
02074581
02074593
02074595
02074599
02075110
02075190
02075210
02075290
02075300
02075410
02075421
02075431
02075441
02075451
02075461
02075471
02075481
02075491
02075499
02075510
02075521
02075531
02075541
02075551
02075561
02075571
02075581
02075593
02075595
02075599
02076005
02076010
02076021
02076031
02076041
02076051
02076061
02076081
02076091
02076099
02081010
02081090
02083000
02084010
02084020
02084080
02085000
02086000
02089010
02089030
02089060
02089070
02089098
02091011
02091019
02091090
02099000
02101111
02101119
02101131
02101139
02101190
02101211
02101219
02101290
02101910
02101920
02101930
02101940
02101950
02101960
02101970
02101981
02101989
02101990
02102010
02102090
02109100
02109210
02109291
02109292
02109299
02109300
02109910
02109921
02109929
02109931
02109939
02109941
02109949
02109951
02109959
02109971
02109979
02109985
02109990
03011100
03011900
03019110
03019190
03019210
03019230
03019290
03019300
03019410
03019490
03019500
03019911
03019917
03019985
03021110
03021120
03021180
03021300
03021400
03021900
03022110
03022130
03022190
03022200
03022300
03022400
03022910
03022980
03023110
03023190
03023210
03023290
03023310
03023390
03023410
03023490
03023511
03023519
03023591
03023599
03023610
03023690
03023920
03023980
03024100
03024200
03024310
03024330
03024390
03024400
03024510
03024530
03024590
03024600
03024700
03024911
03024919
03024990
03025110
03025190
03025200
03025300
03025411
03025415
03025419
03025490
03025500
03025600
03025910
03025920
03025930
03025940
03025990
03027100
03027200
03027300
03027400
03027900
03028115
03028130
03028140
03028150
03028170
03028200
03028300
03028410
03028490
03028510
03028530
03028590
03028910
03028921
03028929
03028931
03028939
03028940
03028950
03028960
03028990
03029100
03029200
03029900
03031100
03031200
03031300
03031410
03031420
03031490
03031900
03032300
03032400
03032500
03032600
03032900
03033110
03033130
03033190
03033200
03033300
03033400
03033910
03033930
03033950
03033985
03034110
03034190
03034220
03034290
03034310
03034390
03034410
03034490
03034512
03034518
03034591
03034599
03034610
03034690
03034920
03034985
03035100
03035310
03035330
03035390
03035410
03035490
03035510
03035530
03035590
03035600
03035700
03035910
03035921
03035929
03035990
03036310
03036330
03036390
03036400
03036500
03036611
03036612
03036613
03036619
03036690
03036700
03036810
03036890
03036910
03036930
03036950
03036970
03036980
03036990
03038115
03038130
03038140
03038150
03038180
03038200
03038300
03038410
03038490
03038910
03038921
03038929
03038931
03038939
03038940
03038950
03038955
03038960
03038965
03038970
03038990
03039110
03039190
03039215
03039230
03039240
03039250
03039290
03039900
03043100
03043200
03043300
03043900
03044100
03044210
03044250
03044290
03044300
03044410
03044430
03044490
03044500
03044600
03044710
03044720
03044730
03044790
03044800
03044910
03044950
03044990
03045100
03045200
03045300
03045400
03045500
03045610
03045620
03045630
03045690
03045700
03045910
03045950
03045990
03046100
03046200
03046300
03046900
03047110
03047190
03047200
03047300
03047411
03047415
03047419
03047490
03047500
03047910
03047930
03047950
03047980
03047990
03048100
03048210
03048250
03048290
03048310
03048330
03048350
03048390
03048400
03048500
03048600
03048700
03048811
03048815
03048818
03048822
03048829
03048890
03048910
03048921
03048929
03048930
03048941
03048949
03048960
03048990
03049100
03049200
03049310
03049390
03049410
03049490
03049510
03049521
03049525
03049529
03049530
03049540
03049550
03049560
03049590
03049610
03049620
03049630
03049690
03049700
03049910
03049921
03049923
03049929
03049955
03049961
03049965
03049999
03052000
03053100
03053211
03053219
03053290
03053910
03053950
03053990
03054100
03054200
03054300
03054410
03054490
03054910
03054920
03054930
03054980
03055110
03055190
03055200
03055310
03055390
03055430
03055450
03055490
03055970
03055985
03056100
03056200
03056300
03056400
03056910
03056930
03056950
03056980
03057115
03057130
03057140
03057150
03057190
03057200
03057900
03061110
03061190
03061210
03061290
03061410
03061430
03061490
03061500
03061691
03061699
03061791
03061792
03061793
03061794
03061799
03061910
03061990
03063100
03063210
03063291
03063299
03063310
03063390
03063400
03063510
03063550
03063590
03063610
03063650
03063690
03063910
03063990
03069100
03069210
03069290
03069310
03069390
03069400
03069511
03069519
03069520
03069530
03069540
03069590
03069910
03069990
03071110
03071190
03071200
03071900
03072110
03072190
03072210
03072290
03072295
03072910
03072990
03073110
03073190
03073210
03073290
03073920
03073980
03074210
03074220
03074230
03074240
03074290
03074321
03074325
03074329
03074331
03074333
03074335
03074338
03074391
03074392
03074395
03074399
03074920
03074940
03074950
03074960
03074980
03075100
03075200
03075900
03076000
03077100
03077210
03077290
03077900
03078100
03078200
03078300
03078400
03078700
03078800
03079100
03079200
03079900
03081100
03081200
03081900
03082100
03082200
03082900
03083050
03083080
03089010
03089050
03089090
03091000
03099000
04011010
04011090
04012011
04012019
04012091
04012099
04014010
04014090
04015011
04015019
04015031
04015039
04015091
04015099
04021011
04021019
04021091
04021099
04022111
04022118
04022191
04022199
04022911
04022915
04022919
04022991
04022999
04029110
04029130
04029151
04029159
04029191
04029199
04029910
04029931
04029939
04029991
04029999
04032011
04032013
04032019
04032031
04032033
04032039
04032041
04032049
04032051
04032053
04032059
04032091
04032093
04032099
04039011
04039013
04039019
04039031
04039033
04039039
04039051
04039053
04039059
04039061
04039063
04039069
04039071
04039073
04039079
04039091
04039093
04039099
04041002
04041004
04041006
04041012
04041014
04041016
04041026
04041028
04041032
04041034
04041036
04041038
04041048
04041052
04041054
04041056
04041058
04041062
04041072
04041074
04041076
04041078
04041082
04041084
04049021
04049023
04049029
04049081
04049083
04049089
04051011
04051019
04051030
04051050
04051090
04052010
04052030
04052090
04059010
04059090
04061030
04061050
04061080
04062000
04063010
04063031
04063039
04063090
04064010
04064050
04064090
04069001
04069013
04069015
04069017
04069018
04069021
04069023
04069025
04069029
04069032
04069035
04069037
04069039
04069050
04069061
04069063
04069069
04069073
04069074
04069075
04069076
04069078
04069079
04069081
04069082
04069084
04069085
04069086
04069089
04069092
04069093
04069099
04071100
04071911
04071919
04071990
04072100
04072910
04072990
04079010
04079090
04081120
04081180
04081920
04081981
04081989
04089120
04089180
04089920
04089980
04090000
04101010
04101091
04101099
04109000
05010000
05021000
05029000
05040000
05051010
05051090
05059000
05061000
05069000
05071000
05079000
05080010
05080090
05100000
05111000
05119110
05119190
05119910
05119931
05119939
05119985
06011010
06011020
06011030
06011040
06011090
06012010
06012030
06012090
06021010
06021090
06022010
06022020
06022030
06022080
06023000
06024000
06029010
06029020
06029030
06029041
06029045
06029046
06029047
06029048
06029050
06029070
06029091
06029099
06031100
06031200
06031300
06031400
06031500
06031910
06031920
06031970
06039000
06042011
06042019
06042020
06042040
06042090
06049011
06049019
06049091
06049099
07011000
07019010
07019050
07019090
07020010
07020091
07020099
07031011
07031019
07031090
07032000
07039000
07041010
07041090
07042000
07049010
07049090
07051100
07051900
07052100
07052900
07061000
07069010
07069030
07069090
07070005
07070090
07081000
07082000
07089000
07092000
07093000
07094000
07095100
07095200
07095300
07095400
07095500
07095600
07095900
07096010
07096091
07096095
07096099
07097000
07099100
07099210
07099290
07099310
07099390
07099910
07099920
07099940
07099950
07099960
07099990
07101000
07102100
07102200
07102900
07103000
07104000
07108010
07108051
07108059
07108061
07108069
07108070
07108080
07108085
07108095
07109000
07112010
07112090
07114000
07115100
07115900
07119010
07119030
07119050
07119070
07119080
07119090
07122000
07123100
07123200
07123300
07123400
07123900
07129005
07129011
07129019
07129030
07129050
07129090
07131010
07131090
07132000
07133100
07133200
07133310
07133390
07133400
07133500
07133900
07134000
07135000
07136000
07139000
07141000
07142010
07142090
07143000
07144000
07145000
07149020
07149090
08011100
08011200
08011900
08012100
08012200
08013100
08013200
08021110
08021190
08021210
08021290
08022100
08022200
08023100
08023200
08024100
08024200
08025100
08025200
08026100
08026200
08027000
08028000
08029100
08029200
08029910
08029990
08031010
08031090
08039011
08039019
08039090
08041000
08042010
08042090
08043000
08044000
08045000
08051022
08051024
08051028
08051080
08052110
08052190
08052200
08052900
08054000
08055010
08055090
08059000
08061010
08061090
08062010
08062030
08062090
08071100
08071900
08072000
08081010
08081080
08083010
08083090
08084000
08091000
08092100
08092900
08093020
08093030
08093080
08094005
08094090
08101000
08102010
08102090
08103010
08103030
08103090
08104010
08104030
08104050
08104090
08105000
08106000
08107000
08109020
08109075
08111011
08111019
08111090
08112011
08112019
08112031
08112039
08112051
08112059
08112090
08119011
08119019
08119031
08119039
08119050
08119070
08119075
08119080
08119085
08119095
08121000
08129025
08129030
08129040
08129070
08129098
08131000
08132000
08133000
08134010
08134030
08134050
08134065
08134095
08135012
08135015
08135019
08135031
08135039
08135091
08135099
08140000
09011100
09011200
09012100
09012200
09019010
09019090
09021000
09022000
09023000
09024000
09030000
09041100
09041200
09042110
09042190
09042200
09051000
09052000
09061100
09061900
09062000
09071000
09072000
09081100
09081200
09082100
09082200
09083100
09083200
09092100
09092200
09093100
09093200
09096100
09096200
09101100
09101200
09102010
09102090
09103000
09109105
09109110
09109190
09109910
09109931
09109933
09109939
09109950
09109991
09109999
10011100
10011900
10019110
10019120
10019190
10019900
10021000
10029000
10031000
10039000
10041000
10049000
10051013
10051015
10051018
10051090
10059000
10061010
10061030
10061050
10061071
10061079
10061090
10062011
10062013
10062015
10062017
10062019
10062092
10062094
10062096
10062098
10062099
10063021
10063023
10063025
10063027
10063029
10063042
10063044
10063046
10063048
10063049
10063061
10063063
10063065
10063067
10063069
10063092
10063094
10063096
10063098
10063099
10064000
10071010
10071090
10079000
10081000
10082100
10082900
10083000
10084000
10085000
10086000
10089000
11010011
11010015
11010090
11022010
11022090
11029010
11029030
11029050
11029070
11029090
11031110
11031190
11031310
11031390
11031920
11031940
11031950
11031990
11032025
11032030
11032040
11032050
11032060
11032090
11041210
11041290
11041910
11041930
11041950
11041961
11041969
11041991
11041999
11042240
11042250
11042295
11042340
11042398
11042904
11042905
11042908
11042917
11042930
11042951
11042955
11042959
11042981
11042985
11042989
11043010
11043090
11051000
11052000
11061000
11062010
11062090
11063010
11063090
11071011
11071019
11071091
11071099
11072000
11081100
11081200
11081300
11081400
11081910
11081990
11082000
11090000
12011000
12019000
12023000
12024100
12024200
12030000
12040010
12040090
12051010
12051090
12059000
12060010
12060091
12060099
12071000
12072100
12072900
12073000
12074010
12074090
12075010
12075090
12076000
12077000
12079110
12079190
12079920
12079991
12079996
12081000
12089000
12091000
12092100
12092210
12092280
12092311
12092315
12092380
12092400
12092510
12092590
12092945
12092950
12092960
12092980
12093000
12099130
12099180
12099910
12099991
12099999
12101000
12102010
12102090
12112000
12113000
12114000
12115000
12116000
12119030
12119086
12122100
12122900
12129120
12129180
12129200
12129300
12129400
12129941
12129949
12129995
12130000
12141000
12149010
12149090
13012000
13019000
13021100
13021200
13021300
13021400
13021905
13021970
13022010
13022090
13023100
13023210
13023290
13023900
14011000
14012000
14019000
14042000
14049000
15011010
15011090
15012010
15012090
15019000
15021010
15021090
15029010
15029090
15030011
15030019
15030030
15030090
15041010
15041091
15041099
15042010
15042090
15043010
15043090
15050010
15050090
15060000
15071010
15071090
15079010
15079090
15081010
15081090
15089010
15089090
15092000
15093000
15094000
15099000
15101000
15109000
15111010
15111090
15119011
15119019
15119091
15119099
15121110
15121191
15121199
15121910
15121990
15122110
15122190
15122910
15122990
15131110
15131191
15131199
15131911
15131919
15131930
15131991
15131999
15132110
15132130
15132190
15132911
15132919
15132930
15132950
15132990
15141110
15141190
15141910
15141990
15149110
15149190
15149910
15149990
15151100
15151910
15151990
15152110
15152190
15152910
15152990
15153010
15153090
15155011
15155019
15155091
15155099
15156011
15156051
15156059
15156060
15156091
15156099
15159011
15159021
15159029
15159031
15159039
15159040
15159051
15159059
15159060
15159091
15159099
15161010
15161090
15162010
15162091
15162095
15162096
15162098
15163091
15163098
15171010
15171090
15179010
15179091
15179093
15179099
15180010
15180031
15180039
15180091
15180095
15180099
15200000
15211000
15219010
15219091
15219099
15220010
15220031
15220039
15220091
15220099
16010010
16010091
16010099
16021000
16022010
16022090
16023111
16023119
16023180
16023211
16023219
16023230
16023290
16023921
16023929
16023985
16024110
16024190
16024210
16024290
16024911
16024913
16024915
16024919
16024930
16024950
16024990
16025010
16025031
16025095
16029010
16029031
16029051
16029061
16029069
16029091
16029095
16029099
16030010
16030080
16041100
16041210
16041291
16041299
16041311
16041319
16041390
16041421
16041426
16041428
16041431
16041436
16041438
16041441
16041446
16041448
16041490
16041511
16041519
16041590
16041600
16041700
16041800
16041910
16041931
16041939
16041950
16041991
16041992
16041993
16041994
16041995
16041997
16042005
16042010
16042030
16042040
16042050
16042070
16042090
16043100
16043200
16051000
16052110
16052190
16052900
16053010
16053090
16054000
16055100
16055200
16055310
16055390
16055400
16055500
16055600
16055700
16055800
16055900
16056100
16056200
16056300
16056900
17011210
17011290
17011310
17011390
17011410
17011490
17019100
17019910
17019990
17021100
17021900
17022010
17022090
17023010
17023050
17023090
17024010
17024090
17025000
17026010
17026080
17026095
17029010
17029030
17029050
17029071
17029075
17029079
17029080
17029095
17031000
17039000
17041010
17041090
17049010
17049030
17049051
17049055
17049061
17049065
17049071
17049075
17049081
17049099
18010000
18020000
18031000
18032000
18040000
18050000
18061015
18061020
18061030
18061090
18062010
18062030
18062050
18062070
18062080
18062095
18063100
18063210
18063290
18069011
18069019
18069031
18069039
18069050
18069060
18069070
18069090
19011000
19012000
19019011
19019019
19019091
19019095
19019099
19021100
19021910
19021990
19022010
19022030
19022091
19022099
19023010
19023090
19024010
19024090
19030000
19041010
19041030
19041090
19042010
19042091
19042095
19042099
19043000
19049010
19049080
19051000
19052010
19052030
19052090
19053111
19053119
19053130
19053191
19053199
19053205
19053211
19053219
19053291
19053299
19054010
19054090
19059010
19059020
19059030
19059045
19059055
19059070
19059080
20011000
20019010
20019020
20019030
20019040
20019050
20019065
20019070
20019092
20019097
20021011
20021019
20021090
20029011
20029019
20029020
20029041
20029049
20029080
20031020
20031030
20039010
20039090
20041010
20041091
20041099
20049010
20049030
20049050
20049091
20049098
20051000
20052010
20052020
20052080
20054000
20055100
20055900
20056000
20057000
20058000
20059100
20059910
20059920
20059930
20059950
20059960
20059980
20060010
20060031
20060035
20060038
20060091
20060099
20071010
20071091
20071099
20079110
20079130
20079190
20079910
20079920
20079931
20079933
20079935
20079939
20079950
20079993
20079997
20081110
20081191
20081196
20081198
20081912
20081913
20081919
20081992
20081993
20081995
20081999
20082011
20082019
20082031
20082039
20082051
20082059
20082071
20082079
20082090
20083011
20083019
20083031
20083039
20083051
20083055
20083059
20083071
20083075
20083079
20083090
20084011
20084019
20084021
20084029
20084031
20084039
20084051
20084059
20084071
20084079
20084090
20085011
20085019
20085031
20085039
20085051
20085059
20085061
20085069
20085071
20085079
20085092
20085098
20086011
20086019
20086031
20086039
20086050
20086060
20086070
20086090
20087011
20087019
20087031
20087039
20087051
20087059
20087061
20087069
20087071
20087079
20087092
20087098
20088011
20088019
20088031
20088039
20088050
20088070
20088090
20089100
20089311
20089319
20089321
20089329
20089391
20089393
20089399
20089703
20089705
20089712
20089714
20089716
20089718
20089732
20089734
20089736
20089738
20089751
20089759
20089772
20089774
20089776
20089778
20089792
20089793
20089794
20089796
20089797
20089798
20089911
20089919
20089921
20089923
20089924
20089928
20089931
20089934
20089936
20089937
20089938
20089940
20089941
20089943
20089945
20089948
20089949
20089951
20089963
20089967
20089972
20089978
20089985
20089991
20089999
20091111
20091119
20091191
20091199
20091200
20091911
20091919
20091991
20091998
20092100
20092911
20092919
20092991
20092999
20093111
20093119
20093151
20093159
20093191
20093199
20093911
20093919
20093931
20093939
20093951
20093955
20093959
20093991
20093995
20093999
20094192
20094199
20094911
20094919
20094930
20094991
20094993
20094999
20095010
20095090
20096110
20096190
20096911
20096919
20096951
20096959
20096971
20096979
20096990
20097120
20097199
20097911
20097919
20097930
20097991
20097998
20098111
20098119
20098131
20098151
20098159
20098195
20098199
20098911
20098919
20098934
20098935
20098936
20098938
20098950
20098961
20098963
20098969
20098971
20098973
20098979
20098985
20098986
20098988
20098989
20098996
20098997
20098999
20099011
20099019
20099021
20099029
20099031
20099039
20099041
20099049
20099051
20099059
20099071
20099073
20099079
20099092
20099094
20099095
20099096
20099097
20099098
21011100
21011292
21011298
21012020
21012092
21012098
21013011
21013019
21013091
21013099
21021010
21021031
21021039
21021090
21022011
21022019
21022090
21023000
21031000
21032000
21033010
21033090
21039010
21039030
21039090
21041000
21042000
21050010
21050091
21050099
21061020
21061080
21069020
21069030
21069051
21069055
21069059
21069092
21069098
22011011
22011019
22011090
22019000
22021000
22029100
22029911
22029915
22029919
22029991
22029995
22029999
22030001
22030009
22030010
22041011
22041013
22041015
22041091
22041093
22041094
22041096
22041098
22042106
22042107
22042108
22042109
22042111
22042112
22042113
22042117
22042118
22042119
22042122
22042123
22042124
22042126
22042127
22042128
22042131
22042132
22042134
22042136
22042137
22042138
22042142
22042143
22042144
22042146
22042147
22042148
22042161
22042162
22042166
22042167
22042168
22042169
22042171
22042174
22042176
22042177
22042178
22042179
22042180
22042181
22042182
22042183
22042184
22042185
22042186
22042187
22042188
22042189
22042190
22042191
22042193
22042194
22042195
22042196
22042197
22042198
22042210
22042222
22042223
22042224
22042226
22042227
22042228
22042232
22042233
22042238
22042278
22042279
22042280
22042281
22042282
22042283
22042284
22042285
22042286
22042288
22042290
22042291
22042293
22042294
22042295
22042296
22042297
22042298
22042910
22042922
22042923
22042924
22042926
22042927
22042928
22042932
22042938
22042978
22042979
22042980
22042981
22042982
22042983
22042984
22042985
22042986
22042988
22042990
22042991
22042993
22042994
22042995
22042996
22042997
22042998
22043010
22043092
22043094
22043096
22043098
22051010
22051090
22059010
22059090
22060010
22060031
22060039
22060051
22060059
22060081
22060089
22071000
22072000
22082012
22082014
22082016
22082018
22082019
22082026
22082028
22082062
22082066
22082069
22082086
22082088
22083011
22083019
22083030
22083041
22083049
22083061
22083069
22083071
22083079
22083082
22083088
22084011
22084031
22084039
22084051
22084091
22084099
22085011
22085019
22085091
22085099
22086011
22086019
22086091
22086099
22087010
22087090
22089011
22089019
22089033
22089038
22089041
22089045
22089048
22089054
22089056
22089069
22089071
22089075
22089077
22089078
22089091
22089099
22090011
22090019
22090091
22090099
23011000
23012000
23021010
23021090
23023010
23023090
23024002
23024008
23024010
23024090
23025000
23031011
23031019
23031090
23032010
23032090
23033000
23040000
23050000
23061000
23062000
23063000
23064100
23064900
23065000
23066000
23069005
23069011
23069019
23069090
23070011
23070019
23070090
23080011
23080019
23080040
23080090
23091011
23091013
23091015
23091019
23091031
23091033
23091039
23091051
23091053
23091059
23091070
23091090
23099010
23099020
23099031
23099033
23099035
23099039
23099041
23099043
23099049
23099051
23099053
23099059
23099070
23099091
23099096
24011035
24011060
24011070
24011085
24011095
24012035
24012060
24012070
24012085
24012095
24013000
24021000
24022010
24022090
24029000
24031100
24031910
24031990
24039100
24039910
24039990
24041100
24041200
24041910
24041990
24049110
24049190
24049200
24049900
25010010
25010031
25010051
25010091
25010099
25020000
25030010
25030090
25041000
25049000
25051000
25059000
25061000
25062000
25070020
25070080
25081000
25083000
25084000
25085000
25086000
25087000
25090000
25101000
25102000
25111000
25112000
25120000
25131000
25132000
25140000
25151100
25151200
25152000
25161100
25161200
25162000
25169000
25171010
25171020
25171080
25172000
25173000
25174100
25174900
25181000
25182000
25191000
25199010
25199030
25199090
25201000
25202000
25210000
25221000
25222000
25223000
25231000
25232100
25232900
25233000
25239000
25241000
25249000
25251000
25252000
25253000
25261000
25262000
25280000
25291000
25292100
25292200
25293000
25301000
25302000
25309030
25309040
25309050
25309070
26011100
26011200
26012000
26020000
26030000
26040000
26050000
26060000
26070000
26080000
26090000
26100000
26110000
26121010
26121090
26122010
26122090
26131000
26139000
26140000
26151000
26159000
26161000
26169000
26171000
26179000
26180000
26190020
26190095
26190097
26201100
26201900
26202100
26202900
26203000
26204000
26206000
26209100
26209910
26209920
26209940
26209960
26209995
26211000
26219000
27011100
27011210
27011290
27011900
27012000
27021000
27022000
27030000
27040010
27040030
27040090
27050000
27060000
27071000
27072000
27073000
27074000
27075000
27079100
27079911
27079919
27079920
27079950
27079980
27079991
27079999
27081000
27082000
27090010
27090090
27101211
27101215
27101221
27101225
27101231
27101241
27101245
27101249
27101250
27101270
27101290
27101911
27101915
27101921
27101925
27101929
27101931
27101935
27101942
27101944
27101946
27101947
27101948
27101951
27101955
27101962
27101966
27101967
27101971
27101975
27101981
27101983
27101985
27101987
27101991
27101993
27101999
27102011
27102016
27102019
27102032
27102038
27102090
27109110
27109190
27109900
27111100
27111211
27111219
27111291
27111293
27111294
27111297
27111310
27111330
27111391
27111397
27111400
27111900
27112100
27112900
27121010
27121090
27122010
27122090
27129011
27129019
27129031
27129033
27129039
27129091
27129099
27131100
27131200
27132000
27139010
27139090
27141000
27149000
27150000
27160000
28011000
28012000
28013010
28013090
28020000
28030000
28041000
28042100
28042910
28042990
28043000
28044000
28045010
28045090
28046100
28046900
28047010
28047090
28048000
28049000
28051100
28051200
28051910
28051990
28053010
28053021
28053029
28053031
28053039
28053040
28053080
28054010
28054090
28061000
28062000
28070000
28080000
28091000
28092000
28100010
28100090
28111100
28111200
28111910
28111980
28112100
28112200
28112905
28112910
28112930
28112990
28121100
28121200
28121300
28121400
28121500
28121600
28121700
28121910
28121990
28129000
28131000
28139010
28139090
28141000
28142000
28151100
28151200
28152000
28153000
28161000
28164000
28170000
28181011
28181019
28181091
28181099
28182000
28183000
28191000
28199010
28199090
28201000
28209010
28209090
28211000
28212000
28220000
28230000
28241000
28249000
28251000
28252000
28253000
28254000
28255000
28256000
28257000
28258000
28259011
28259019
28259020
28259040
28259060
28259085
28261200
28261910
28261990
28263000
28269010
28269080
28271000
28272000
28273100
28273200
28273500
28273910
28273920
28273930
28273985
28274100
28274910
28274990
28275100
28275900
28276000
28281000
28289000
28291100
28291900
28299010
28299040
28299080
28301000
28309011
28309085
28311000
28319000
28321000
28322000
28323000
28331100
28331900
28332100
28332200
28332400
28332500
28332700
28332920
28332930
28332960
28332980
28333000
28334000
28341000
28342100
28342920
28342940
28342980
28351000
28352200
28352400
28352500
28352600
28352910
28352930
28352990
28353100
28353900
28362000
28363000
28364000
28365000
28366000
28369100
28369200
28369911
28369917
28369990
28371100
28371900
28372000
28391100
28391900
28399000
28401100
28401910
28401990
28402010
28402090
28403000
28413000
28415000
28416100
28416900
28417000
28418000
28419030
28419040
28419070
28421000
28429010
28429020
28429070
28431010
28431090
28432100
28432900
28433000
28439010
28439090
28441010
28441030
28441050
28441090
28442025
28442035
28442051
28442059
28442099
28443011
28443019
28443051
28443055
28443061
28443069
28443091
28443099
28444110
28444190
28444210
28444290
28444310
28444320
28444380
28444400
28445000
28451000
28452000
28453000
28454000
28459010
28459090
28461000
28469030
28469040
28469050
28469060
28469070
28469090
28470000
28491000
28492000
28499010
28499030
28499050
28499090
28500020
28500060
28500090
28521000
28529000
28531000
28539010
28539030
28539090
29011000
29012100
29012200
29012300
29012400
29012900
29021100
29021900
29022000
29023000
29024100
29024200
29024300
29024400
29025000
29026000
29027000
29029000
29031100
29031200
29031300
29031400
29031500
29031900
29032100
29032200
29032300
29032900
29034100
29034200
29034300
29034400
29034500
29034600
29034700
29034800
29034910
29034930
29034990
29035100
29035900
29036100
29036200
29036911
29036919
29036980
29037100
29037200
29037300
29037400
29037500
29037610
29037620
29037690
29037760
29037790
29037800
29037930
29037980
29038100
29038200
29038300
29038910
29038920
29038970
29039100
29039200
29039300
29039400
29039910
29039980
29041000
29042000
29043100
29043200
29043300
29043400
29043500
29043600
29049100
29049900
29051100
29051200
29051300
29051410
29051490
29051620
29051685
29051700
29051900
29052200
29052910
29052990
29053100
29053200
29053920
29053926
29053928
29053930
29053995
29054100
29054200
29054300
29054411
29054419
29054491
29054499
29054500
29054900
29055100
29055991
29055998
29061100
29061200
29061310
29061390
29061900
29062100
29062900
29071100
29071200
29071300
29071510
29071590
29071910
29071990
29072100
29072200
29072300
29072900
29081100
29081900
29089100
29089200
29089900
29091100
29091910
29091990
29092000
29093010
29093031
29093035
29093037
29093039
29093090
29094100
29094300
29094400
29094911
29094980
29095000
29096010
29096090
29101000
29102000
29103000
29104000
29105000
29109000
29110000
29121100
29121200
29121900
29122100
29122900
29124100
29124200
29124900
29125000
29126000
29130000
29141100
29141200
29141300
29141910
29141990
29142200
29142300
29142900
29143100
29143900
29144010
29144090
29145000
29146100
29146200
29146910
29146980
29147100
29147900
29151100
29151200
29151300
29152100
29152400
29152900
29153100
29153200
29153300
29153600
29153900
29154000
29155000
29156011
29156019
29156090
29157040
29157050
29159015
29159030
29159090
29161100
29161200
29161300
29161400
29161500
29161600
29161910
29161940
29161995
29162000
29163100
29163200
29163400
29163910
29163990
29171100
29171200
29171310
29171390
29171400
29171910
29171920
29171980
29172000
29173200
29173300
29173400
29173500
29173600
29173700
29173920
29173935
29173985
29181100
29181200
29181300
29181400
29181500
29181600
29181700
29181800
29181930
29181940
29181998
29182100
29182200
29182300
29182900
29183000
29189100
29189940
29189990
29191000
29199000
29201100
29201900
29202100
29202200
29202300
29202400
29202900
29203000
29209010
29209070
29211100
29211200
29211300
29211400
29211940
29211950
29211999
29212100
29212200
29212900
29213010
29213091
29213099
29214100
29214200
29214300
29214400
29214500
29214600
29214900
29215111
29215119
29215190
29215950
29215990
29221100
29221200
29221400
29221500
29221600
29221700
29221800
29221900
29222100
29222900
29223100
29223900
29224100
29224200
29224300
29224400
29224920
29224985
29225000
29231000
29232000
29233000
29234000
29239000
29241100
29241200
29241900
29242100
29242300
29242400
29242500
29242910
29242970
29251100
29251200
29251920
29251995
29252100
29252900
29261000
29262000
29263000
29264000
29269020
29269070
29270000
29280010
29280090
29291000
29299010
29299090
29301000
29302000
29303000
29304010
29304090
29306000
29307000
29308000
29309013
29309016
29309030
29309040
29309050
29309080
29309095
29311000
29312000
29314100
29314200
29314300
29314400
29314500
29314600
29314700
29314800
29314910
29314920
29314930
29314940
29314950
29314960
29314980
29315100
29315200
29315300
29315400
29315910
29315990
29319000
29321100
29321200
29321300
29321400
29321900
29322010
29322020
29322090
29329100
29329200
29329300
29329400
29329500
29329600
29329900
29331110
29331190
29331910
29331990
29332100
29332910
29332990
29333100
29333200
29333300
29333400
29333500
29333600
29333700
29333910
29333920
29333925
29333935
29333940
29333945
29333950
29333955
29333999
29334100
29334910
29334930
29334990
29335200
29335310
29335390
29335400
29335500
29335910
29335920
29335995
29336100
29336910
29336940
29336980
29337100
29337200
29337900
29339110
29339190
29339200
29339920
29339950
29339980
29341000
29342020
29342080
29343010
29343090
29349100
29349200
29349960
29349990
29351000
29352000
29353000
29354000
29355000
29359030
29359090
29362100
29362200
29362300
29362400
29362500
29362600
29362700
29362800
29362900
29369000
29371100
29371200
29371900
29372100
29372200
29372300
29372900
29375000
29379000
29381000
29389010
29389030
29389090
29391100
29391900
29392000
29393000
29394100
29394200
29394300
29394400
29394500
29394900
29395100
29395900
29396100
29396200
29396300
29396900
29397200
29397910
29397990
29398000
29400000
29411000
29412030
29412080
29413000
29414000
29415000
29419000
29420000
30012010
30012090
30019020
30019091
30019098
30021200
30021300
30021400
30021500
30024110
30024190
30024200
30024900
30025100
30025900
30029010
30029030
30031000
30032000
30033100
30033900
30034100
30034200
30034300
30034900
30036000
30039000
30041000
30042000
30043100
30043200
30043900
30044100
30044200
30044300
30044900
30045000
30046000
30049000
30051000
30059010
30059031
30059050
30059099
30061010
30061030
30061090
30063000
30064000
30065000
30066000
30067000
30069100
30069200
30069300
31010000
31021012
31021015
31021019
31021090
31022100
31022900
31023010
31023090
31024010
31024090
31025000
31026000
31028000
31029000
31031100
31031900
31039000
31042010
31042050
31042090
31043000
31049000
31051000
31052010
31052090
31053000
31054000
31055100
31055900
31056000
31059020
31059080
32011000
32012000
32019020
32019090
32021000
32029000
32030010
32030090
32041100
32041200
32041300
32041400
32041500
32041600
32041700
32041800
32041900
32042000
32049000
32050000
32061100
32061900
32062000
32064100
32064200
32064910
32064970
32065000
32071000
32072010
32072090
32073000
32074040
32074085
32081010
32081090
32082010
32082090
32089011
32089013
32089019
32089091
32089099
32091000
32099000
32100010
32100090
32110000
32121000
32129000
32131000
32139000
32141010
32141090
32149000
32151100
32151900
32159020
32159070
33011210
33011290
33011310
33011390
33011920
33011980
33012410
33012490
33012510
33012590
33012911
33012931
33012942
33012949
33012971
33012979
33012991
33013000
33019010
33019021
33019030
33019090
33021010
33021021
33021029
33021040
33021090
33029010
33029090
33030010
33030090
33041000
33042000
33043000
33049100
33049900
33051000
33052000
33053000
33059000
33061000
33062000
33069000
33071000
33072000
33073000
33074100
33074900
33079000
34011100
34011900
34012010
34012090
34013000
34023100
34023910
34023990
34024100
34024200
34024900
34025010
34025090
34029010
34029090
34031100
34031910
34031920
34031980
34039100
34039900
34042000
34049000
34051000
34052000
34053000
34054000
34059010
34059090
34060000
34070000
35011010
35011050
35011090
35019010
35019090
35021110
35021190
35021910
35021990
35022010
35022091
35022099
35029020
35029070
35029090
35030010
35030080
35040010
35040090
35051010
35051050
35051090
35052010
35052030
35052050
35052090
35061000
35069110
35069190
35069900
35071000
35079030
35079090
36010000
36020000
36031000
36032000
36033000
36034000
36035000
36036000
36041000
36049000
36050000
36061000
36069010
36069090
37011000
37012000
37013000
37019100
37019900
37021000
37023191
37023197
37023210
37023220
37023285
37023900
37024100
37024200
37024300
37024400
37025200
37025300
37025400
37025500
37025600
37029610
37029690
37029710
37029790
37029800
37031000
37032000
37039000
37040010
37040090
37050010
37050090
37061020
37061099
37069052
37069091
37069099
37071000
37079020
37079090
38011010
38011090
38012010
38012090
38013000
38019000
38021000
38029000
38030010
38030090
38040000
38051010
38051030
38051090
38059010
38059090
38061000
38062000
38063000
38069000
38070010
38070090
38085200
38085900
38086100
38086200
38086900
38089110
38089120
38089130
38089140
38089190
38089210
38089220
38089230
38089240
38089250
38089260
38089290
38089311
38089313
38089315
38089317
38089321
38089323
38089327
38089330
38089390
38089410
38089420
38089490
38089910
38089990
38091010
38091030
38091050
38091090
38099100
38099200
38099300
38101000
38109010
38109090
38111110
38111190
38111900
38112100
38112900
38119000
38121000
38122010
38122090
38123100
38123910
38123990
38130000
38140010
38140090
38151100
38151200
38151910
38151990
38159010
38159090
38160010
38160090
38170050
38170080
38180011
38180019
38180090
38190000
38200000
38210000
38221100
38221200
38221300
38221900
38229000
38231100
38231200
38231300
38231910
38231930
38231990
38237000
38241000
38243000
38244000
38245010
38245090
38246011
38246019
38246091
38246099
38248100
38248200
38248300
38248400
38248500
38248600
38248700
38248800
38248900
38249100
38249200
38249910
38249915
38249920
38249925
38249930
38249945
38249950
38249955
38249961
38249962
38249964
38249965
38249970
38249975
38249980
38249985
38249986
38249992
38249993
38249996
38251000
38252000
38253000
38254100
38254900
38255000
38256100
38256900
38259010
38259090
38260010
38260090
38271100
38271200
38271300
38271400
38272000
38273100
38273200
38273900
38274000
38275100
38275900
38276100
38276200
38276300
38276400
38276500
38276800
38276900
38279000
39011010
39011090
39012010
39012090
39013000
39014000
39019030
39019080
39021000
39022000
39023000
39029010
39029020
39029090
39031100
39031900
39032000
39033000
39039010
39039020
39039090
39041000
39042100
39042200
39043000
39044000
39045010
39045090
39046100
39046910
39046920
39046980
39049000
39051200
39051900
39052100
39052900
39053000
39059100
39059910
39059990
39061000
39069010
39069020
39069030
39069040
39069050
39069060
39069090
39071000
39072100
39072911
39072920
39072991
39072999
39073000
39074000
39075000
39076100
39076900
39077000
39079110
39079190
39079905
39079910
39079980
39081000
39089000
39091000
39092000
39093100
39093900
39094000
39095010
39095090
39100000
39111000
39112000
39119011
39119013
39119019
39119092
39119099
39121100
39121200
39122011
39122019
39122090
39123100
39123920
39123985
39129010
39129090
39131000
39139000
39140000
39151010
39151020
39152000
39153000
39159011
39159020
39159070
39161000
39162000
39169010
39169050
39169090
39171010
39171090
39172110
39172190
39172210
39172290
39172310
39172390
39172900
39173100
39173200
39173300
39173900
39174000
39181010
39181090
39189000
39191012
39191015
39191019
39191080
39199020
39199080
39201023
39201024
39201025
39201028
39201040
39201081
39201089
39202021
39202029
39202080
39203000
39204310
39204390
39204910
39204990
39205100
39205910
39205990
39206100
39206212
39206219
39206290
39206300
39206900
39207100
39207310
39207380
39207910
39207990
39209100
39209200
39209300
39209400
39209921
39209928
39209952
39209953
39209959
39209990
39211100
39211200
39211310
39211390
39211400
39211900
39219010
39219030
39219041
39219043
39219049
39219055
39219060
39219090
39221000
39222000
39229000
39231010
39231090
39232100
39232910
39232990
39233010
39233090
39234010
39234090
39235010
39235090
39239000
39241000
39249000
39251000
39252000
39253000
39259010
39259020
39259080
39261000
39262000
39263000
39264000
39269050
39269060
39269097
40011000
40012100
40012200
40012900
40013000
40021100
40021910
40021920
40021930
40021990
40022000
40023100
40023900
40024100
40024900
40025100
40025900
40026000
40027000
40028000
40029100
40029910
40029990
40030000
40040000
40051000
40052000
40059100
40059900
40061000
40069000
40070000
40081100
40081900
40082110
40082190
40082900
40091100
40091200
40092100
40092200
40093100
40093200
40094100
40094200
40101100
40101200
40101900
40103100
40103200
40103300
40103400
40103500
40103600
40103900
40111000
40112010
40112090
40113000
40114000
40115000
40117000
40118000
40119000
40121100
40121200
40121300
40121900
40122000
40129020
40129030
40129090
40131000
40132000
40139000
40141000
40149000
40151200
40151900
40159000
40161000
40169100
40169200
40169300
40169400
40169500
40169952
40169957
40169991
40169997
40170000
41012010
41012030
41012050
41012080
41015010
41015030
41015050
41015090
41019000
41021010
41021090
41022100
41022900
41032000
41033000
41039000
41041110
41041151
41041159
41041190
41041910
41041951
41041959
41041990
41044111
41044119
41044151
41044159
41044190
41044911
41044919
41044951
41044959
41044990
41051000
41053010
41053090
41062100
41062210
41062290
41063100
41063200
41064010
41064090
41069100
41069200
41071111
41071119
41071190
41071211
41071219
41071291
41071299
41071910
41071990
41079110
41079190
41079210
41079290
41079910
41079990
41120000
41131000
41132000
41133000
41139000
41141010
41141090
41142000
41151000
41152000
42010000
42021110
42021190
42021211
42021219
42021250
42021291
42021299
42021910
42021990
42022100
42022210
42022290
42022900
42023100
42023210
42023290
42023900
42029110
42029180
42029211
42029215
42029219
42029291
42029298
42029900
42031000
42032100
42032910
42032990
42033000
42034000
42050011
42050019
42050090
42060000
43011000
43013000
43016000
43018000
43019000
43021100
43021915
43021935
43021941
43021949
43021975
43021980
43021999
43022000
43023010
43023025
43023051
43023055
43023099
43031010
43031090
43039000
43040000
44011100
44011200
44012100
44012210
44012290
44013100
44013200
44013900
44014100
44014910
44014990
44021000
44022000
44029000
44031100
44031200
44032110
44032190
44032200
44032310
44032390
44032400
44032510
44032590
44032600
44034100
44034200
44034910
44034935
44034985
44039100
44039300
44039400
44039510
44039590
44039600
44039700
44039800
44039900
44041000
44042000
44050000
44061100
44061200
44069100
44069200
44071110
44071120
44071190
44071210
44071220
44071290
44071300
44071400
44071910
44071920
44071990
44072110
44072191
44072199
44072210
44072291
44072299
44072310
44072320
44072390
44072510
44072530
44072550
44072590
44072610
44072630
44072650
44072690
44072710
44072791
44072799
44072810
44072891
44072899
44072915
44072920
44072983
44072985
44072995
44072996
44072997
44072998
44079115
44079131
44079139
44079190
44079200
44079310
44079391
44079399
44079410
44079491
44079499
44079510
44079591
44079599
44079610
44079691
44079699
44079710
44079791
44079799
44079927
44079940
44079990
44081015
44081091
44081098
44083111
44083121
44083125
44083130
44083915
44083921
44083930
44083955
44083970
44083985
44083995
44089015
44089035
44089085
44089095
44091011
44091018
44092100
44092200
44092910
44092991
44092999
44101110
44101130
44101150
44101190
44101210
44101290
44101900
44109000
44111210
44111292
44111294
44111310
44111391
44111393
44111394
44111410
44111491
44111493
44111495
44111497
44119210
44119290
44119300
44119410
44119490
44121000
44123110
44123190
44123310
44123320
44123330
44123390
44123400
44123900
44124191
44124199
44124200
44124900
44125110
44125190
44125200
44125900
44129110
44129191
44129199
44129210
44129290
44129910
44129990
44130000
44141010
44141090
44149000
44151010
44151090
44152020
44152090
44160000
44170000
44181100
44181950
44181990
44182110
44182190
44182950
44182980
44183000
44184000
44185000
44187310
44187390
44187400
44187500
44187900
44188100
44188200
44188300
44188900
44189100
44189200
44189900
44191100
44191200
44191900
44192010
44192090
44199000
44201110
44201190
44201900
44209010
44209091
44209099
44211000
44212010
44212090
44219100
44219910
44219999
45011000
45019000
45020000
45031010
45031090
45039000
45041011
45041019
45041091
45041099
45049020
45049080
46012110
46012190
46012210
46012290
46012910
46012990
46019205
46019210
46019290
46019305
46019310
46019390
46019405
46019410
46019490
46019905
46019910
46019990
46021100
46021200
46021910
46021990
46029000
47010010
47010090
47020000
47031100
47031900
47032100
47032900
47041100
47041900
47042100
47042900
47050000
47061000
47062000
47063000
47069100
47069200
47069300
47071000
47072000
47073010
47073090
47079010
47079090
48010000
48021000
48022000
48024010
48024090
48025400
48025515
48025525
48025530
48025590
48025620
48025680
48025700
48025810
48025890
48026115
48026180
48026200
48026900
48030010
48030031
48030039
48030090
48041111
48041115
48041119
48041190
48041912
48041919
48041930
48041990
48042110
48042190
48042910
48042990
48043151
48043158
48043180
48043951
48043958
48043980
48044191
48044198
48044200
48044900
48045100
48045200
48045910
48045990
48051100
48051200
48051910
48051990
48052400
48052500
48053000
48054000
48055000
48059100
48059200
48059320
48059380
48061000
48062000
48063000
48064010
48064090
48070030
48070080
48081000
48084000
48089000
48092000
48099000
48101300
48101400
48101900
48102200
48102930
48102980
48103100
48103210
48103290
48103900
48109210
48109230
48109290
48109910
48109980
48111000
48114120
48114190
48114900
48115100
48115900
48116000
48119000
48120000
48131000
48132000
48139010
48139090
48142000
48149010
48149070
48162000
48169000
48171000
48172000
48173000
48181010
48181090
48182010
48182091
48182099
48183000
48185000
48189010
48189090
48191000
48192000
48193000
48194000
48195000
48196000
48201010
48201030
48201050
48201090
48202000
48203000
48204000
48205000
48209000
48211010
48211090
48219010
48219090
48221000
48229000
48232000
48234000
48236100
48236910
48236990
48237010
48237090
48239040
48239085
49011000
49019100
49019900
49021000
49029000
49030000
49040000
49052000
49059000
49060000
49070010
49070030
49070090
49081000
49089000
49090000
49100000
49111010
49111090
49119100
49119900
50010000
50020000
50030000
50040010
50040090
50050010
50050090
50060010
50060090
50071000
50072011
50072019
50072021
50072031
50072039
50072041
50072051
50072059
50072060
50072071
50079010
50079030
50079050
50079090
51011100
51011900
51012100
51012900
51013000
51021100
51021910
51021930
51021940
51021990
51022000
51031010
51031090
51032000
51033000
51040000
51051000
51052100
51052900
51053100
51053900
51054000
51061010
51061090
51062010
51062091
51062099
51071010
51071090
51072010
51072030
51072051
51072059
51072091
51072099
51081010
51081090
51082010
51082090
51091010
51091090
51099000
51100000
51111100
51111900
51112000
51113010
51113080
51119010
51119091
51119098
51121100
51121900
51122000
51123010
51123080
51129010
51129091
51129098
51130000
52010010
52010090
52021000
52029100
52029900
52030000
52041100
52041900
52042000
52051100
52051200
52051300
52051400
52051510
52051590
52052100
52052200
52052300
52052400
52052600
52052700
52052800
52053100
52053200
52053300
52053400
52053500
52054100
52054200
52054300
52054400
52054600
52054700
52054800
52061100
52061200
52061300
52061400
52061500
52062100
52062200
52062300
52062400
52062500
52063100
52063200
52063300
52063400
52063500
52064100
52064200
52064300
52064400
52064500
52071000
52079000
52081110
52081190
52081216
52081219
52081296
52081299
52081300
52081900
52082110
52082190
52082216
52082219
52082296
52082299
52082300
52082900
52083100
52083216
52083219
52083296
52083299
52083300
52083900
52084100
52084200
52084300
52084900
52085100
52085200
52085910
52085990
52091100
52091200
52091900
52092100
52092200
52092900
52093100
52093200
52093900
52094100
52094200
52094300
52094900
52095100
52095200
52095900
52101100
52101900
52102100
52102900
52103100
52103200
52103900
52104100
52104900
52105100
52105900
52111100
52111200
52111900
52112000
52113100
52113200
52113900
52114100
52114200
52114300
52114910
52114990
52115100
52115200
52115900
52121110
52121190
52121210
52121290
52121310
52121390
52121410
52121490
52121510
52121590
52122110
52122190
52122210
52122290
52122310
52122390
52122410
52122490
52122510
52122590
53011000
53012100
53012900
53013000
53021000
53029000
53031000
53039000
53050000
53061010
53061030
53061050
53061090
53062010
53062090
53071000
53072000
53081000
53082010
53082090
53089012
53089019
53089050
53089090
53091110
53091190
53091900
53092100
53092900
53101010
53101090
53109000
53110010
53110090
54011012
54011014
54011016
54011018
54011090
54012010
54012090
54021100
54021900
54022000
54023100
54023200
54023300
54023400
54023900
54024400
54024500
54024600
54024700
54024800
54024900
54025100
54025200
54025300
54025900
54026100
54026200
54026300
54026900
54031000
54033100
54033200
54033300
54033900
54034100
54034200
54034900
54041100
54041200
54041900
54049010
54049090
54050000
54060000
54071000
54072011
54072019
54072090
54073000
54074100
54074200
54074300
54074400
54075100
54075200
54075300
54075400
54076110
54076130
54076150
54076190
54076910
54076990
54077100
54077200
54077300
54077400
54078100
54078200
54078300
54078400
54079100
54079200
54079300
54079400
54081000
54082100
54082210
54082290
54082300
54082400
54083100
54083200
54083300
54083400
55011100
55011900
55012000
55013000
55014000
55019000
55021000
55029000
55031100
55031900
55032000
55033000
55034000
55039000
55041000
55049000
55051010
55051030
55051050
55051070
55051090
55052000
55061000
55062000
55063000
55064000
55069000
55070000
55081010
55081090
55082010
55082090
55091100
55091200
55092100
55092200
55093100
55093200
55094100
55094200
55095100
55095200
55095300
55095900
55096100
55096200
55096900
55099100
55099200
55099900
55101100
55101200
55102000
55103000
55109000
55111000
55112000
55113000
55121100
55121910
55121990
55122100
55122910
55122990
55129100
55129910
55129990
55131120
55131190
55131200
55131300
55131900
55132100
55132310
55132390
55132900
55133100
55133900
55134100
55134900
55141100
55141200
55141910
55141990
55142100
55142200
55142300
55142900
55143010
55143030
55143050
55143090
55144100
55144200
55144300
55144900
55151110
55151130
55151190
55151210
55151230
55151290
55151311
55151319
55151391
55151399
55151910
55151930
55151990
55152110
55152130
55152190
55152211
55152219
55152291
55152299
55152900
55159110
55159130
55159190
55159920
55159940
55159980
55161100
55161200
55161300
55161400
55162100
55162200
55162310
55162390
55162400
55163100
55163200
55163300
55163400
55164100
55164200
55164300
55164400
55169100
55169200
55169300
55169400
56012110
56012190
56012210
56012290
56012900
56013000
56021011
56021019
56021031
56021038
56021090
56022100
56022900
56029000
56031110
56031190
56031210
56031290
56031310
56031390
56031410
56031420
56031480
56039110
56039190
56039210
56039290
56039310
56039390
56039410
56039420
56039480
56041000
56049010
56049090
56050000
56060010
56060091
56060099
56072100
56072900
56074100
56074911
56074919
56074990
56075011
56075019
56075030
56075090
56079020
56079090
56081120
56081180
56081911
56081919
56081930
56081990
56089000
56090000
57011010
57011090
57019010
57019090
57021000
57022000
57023110
57023180
57023200
57023900
57024110
57024190
57024200
57024900
57025010
57025031
57025039
57025090
57029100
57029210
57029290
57029900
57031000
57032100
57032910
57032919
57032991
57032999
57033100
57033910
57033919
57033991
57033999
57039020
57039080
57041000
57042000
57049000
57050030
57050080
58011000
58012100
58012200
58012300
58012600
58012700
58013100
58013200
58013300
58013600
58013700
58019010
58019090
58021000
58022000
58023000
58030010
58030030
58030090
58041010
58041090
58042100
58042900
58043000
58050000
58061000
58062000
58063100
58063210
58063290
58063900
58064000
58071010
58071090
58079010
58079090
58081000
58089000
58090000
58101010
58101090
58109110
58109190
58109210
58109290
58109910
58109990
58110000
59011000
59019000
59021010
59021090
59022010
59022090
59029010
59029090
59031010
59031090
59032010
59032090
59039010
59039091
59039099
59041000
59049000
59050010
59050030
59050050
59050070
59050090
59061000
59069100
59069910
59069990
59070000
59080000
59090010
59090090
59100000
59111000
59112000
59113111
59113119
59113190
59113211
59113219
59113290
59114000
59119010
59119091
59119099
60011000
60012100
60012200
60012900
60019100
60019200
60019900
60024000
60029000
60031000
60032000
60033010
60033090
60034000
60039000
60041000
60049000
60052100
60052200
60052300
60052400
60053500
60053600
60053700
60053800
60053900
60054100
60054200
60054300
60054400
60059010
60059090
60061000
60062100
60062200
60062300
60062400
60063100
60063200
60063300
60063400
60064100
60064200
60064300
60064400
60069000
61012010
61012090
61013010
61013090
61019020
61019080
61021010
61021090
61022010
61022090
61023010
61023090
61029010
61029090
61031010
61031090
61032200
61032300
61032900
61033100
61033200
61033300
61033900
61034100
61034200
61034300
61034900
61041300
61041920
61041990
61042200
61042300
61042910
61042990
61043100
61043200
61043300
61043900
61044100
61044200
61044300
61044400
61044900
61045100
61045200
61045300
61045900
61046100
61046200
61046300
61046900
61051000
61052010
61052090
61059010
61059090
61061000
61062000
61069010
61069030
61069050
61069090
61071100
61071200
61071900
61072100
61072200
61072900
61079100
61079900
61081100
61081900
61082100
61082200
61082900
61083100
61083200
61083900
61089100
61089200
61089900
61091000
61099020
61099090
61101110
61101130
61101190
61101210
61101290
61101910
61101990
61102010
61102091
61102099
61103010
61103091
61103099
61109010
61109090
61112010
61112090
61113010
61113090
61119011
61119019
61119090
61121100
61121200
61121900
61122000
61123110
61123190
61123910
61123990
61124110
61124190
61124910
61124990
61130010
61130090
61142000
61143000
61149000
61151010
61151090
61152100
61152200
61152900
61153011
61153019
61153090
61159400
61159500
61159610
61159691
61159699
61159900
61161020
61161080
61169100
61169200
61169300
61169900
61171000
61178010
61178080
61179000
62012000
62013010
62013090
62014010
62014090
62019000
62022000
62023010
62023090
62024010
62024090
62029000
62031100
62031200
62031910
62031930
62031990
62032210
62032280
62032310
62032380
62032911
62032918
62032930
62032990
62033100
62033210
62033290
62033310
62033390
62033911
62033919
62033990
62034110
62034130
62034190
62034211
62034231
62034233
62034235
62034251
62034259
62034290
62034311
62034319
62034331
62034339
62034390
62034911
62034919
62034931
62034939
62034950
62034990
62041100
62041200
62041300
62041910
62041990
62042100
62042210
62042280
62042310
62042380
62042911
62042918
62042990
62043100
62043210
62043290
62043310
62043390
62043911
62043919
62043990
62044100
62044200
62044300
62044400
62044910
62044990
62045100
62045200
62045300
62045910
62045990
62046110
62046185
62046211
62046231
62046233
62046239
62046251
62046259
62046290
62046311
62046318
62046331
62046339
62046390
62046911
62046918
62046931
62046939
62046950
62046990
62052000
62053000
62059010
62059080
62061000
62062000
62063000
62064000
62069010
62069090
62071100
62071900
62072100
62072200
62072900
62079100
62079910
62079990
62081100
62081900
62082100
62082200
62082900
62089100
62089200
62089900
62092000
62093000
62099010
62099090
62101010
62101092
62101098
62102000
62103000
62104000
62105000
62111100
62111200
62112000
62113210
62113231
62113241
62113242
62113290
62113310
62113331
62113341
62113342
62113390
62113900
62114210
62114231
62114241
62114242
62114290
62114310
62114331
62114341
62114342
62114390
62114900
62121010
62121090
62122000
62123000
62129000
62132000
62139000
62141000
62142000
62143000
62144000
62149000
62151000
62152000
62159000
62160000
62171000
62179000
63011000
63012010
63012090
63013010
63013090
63014010
63014090
63019010
63019090
63021000
63022100
63022210
63022290
63022910
63022990
63023100
63023210
63023290
63023920
63023990
63024000
63025100
63025310
63025390
63025910
63025990
63026000
63029100
63029310
63029390
63029910
63029990
63031200
63031900
63039100
63039210
63039290
63039910
63039990
63041100
63041910
63041930
63041990
63042000
63049100
63049200
63049300
63049900
63051010
63051090
63052000
63053211
63053219
63053290
63053310
63053390
63053900
63059000
63061200
63061900
63062200
63062900
63063000
63064000
63069000
63071010
63071030
63071090
63072000
63079010
63079091
63079092
63079093
63079095
63079098
63080000
63090000
63101000
63109000
64011000
64019210
64019290
64019900
64021210
64021290
64021900
64022000
64029110
64029190
64029905
64029910
64029931
64029939
64029950
64029991
64029993
64029996
64029998
64031200
64031900
64032000
64034000
64035105
64035111
64035115
64035119
64035191
64035195
64035199
64035905
64035911
64035931
64035935
64035939
64035950
64035991
64035995
64035999
64039105
64039111
64039113
64039116
64039118
64039191
64039193
64039196
64039198
64039905
64039911
64039931
64039933
64039936
64039938
64039950
64039991
64039993
64039996
64039998
64041100
64041910
64041990
64042010
64042090
64051000
64052010
64052091
64052099
64059010
64059090
64061010
64061090
64062010
64062090
64069030
64069050
64069060
64069090
65010000
65020000
65040000
65050010
65050030
65050090
65061010
65061080
65069100
65069910
65069990
65070000
66011000
66019100
66019920
66019990
66020000
66032000
66039010
66039090
67010000
67021000
67029000
67030000
67041100
67041900
67042000
67049000
68010000
68021000
68022100
68022300
68022900
68029100
68029200
68029310
68029390
68029910
68029990
68030010
68030090
68041000
68042100
68042212
68042218
68042230
68042250
68042290
68042300
68043000
68051000
68052000
68053000
68061000
68062010
68062090
68069000
68071000
68079000
68080000
68091100
68091900
68099000
68101110
68101190
68101900
68109100
68109900
68114000
68118100
68118200
68118900
68128010
68128090
68129100
68129910
68129990
68132000
68138100
68138900
68141000
68149000
68151100
68151200
68151300
68151900
68152000
68159100
68159900
69010000
69021000
69022010
69022091
69022099
69029000
69031000
69032010
69032090
69039010
69039090
69041000
69049000
69051000
69059000
69060000
69072100
69072200
69072300
69073000
69074000
69091100
69091200
69091900
69099000
69101000
69109000
69111000
69119000
69120021
69120023
69120025
69120029
69120081
69120083
69120085
69120089
69131000
69139010
69139093
69139098
69141000
69149000
70010010
70010091
70010099
70021000
70022010
70022090
70023100
70023200
70023900
70031210
70031291
70031299
70031910
70031990
70032000
70033000
70042010
70042091
70042099
70049010
70049080
70051005
70051025
70051030
70051080
70052125
70052130
70052180
70052925
70052935
70052980
70053000
70060010
70060090
70071110
70071190
70071910
70071920
70071980
70072120
70072180
70072900
70080020
70080081
70080089
70091000
70099100
70099200
70101000
70102000
70109010
70109021
70109031
70109041
70109043
70109045
70109047
70109051
70109053
70109055
70109057
70109061
70109067
70109071
70109079
70109091
70109099
70111000
70112000
70119000
70131000
70132210
70132290
70132810
70132890
70133311
70133319
70133391
70133399
70133710
70133751
70133759
70133791
70133799
70134110
70134190
70134200
70134910
70134991
70134999
70139110
70139190
70139900
70140000
70151000
70159000
70161000
70169010
70169040
70169070
70171000
70172000
70179000
70181011
70181019
70181030
70181051
70181059
70181090
70182000
70189010
70189090
70191100
70191200
70191300
70191400
70191500
70191900
70196100
70196210
70196290
70196300
70196400
70196500
70196600
70196910
70196990
70197100
70197200
70197300
70198010
70198090
70199000
70200005
70200007
70200008
70200010
70200030
70200080
71011000
71012100
71012200
71021000
71022100
71022900
71023100
71023900
71031000
71039100
71039900
71041000
71042100
71042900
71049100
71049900
71051000
71059000
71061000
71069100
71069200
71070000
71081100
71081200
71081310
71081380
71082000
71090000
71101100
71101910
71101980
71102100
71102900
71103100
71103900
71104100
71104900
71110000
71123000
71129100
71129200
71129900
71131100
71131900
71132000
71141100
71141900
71142000
71151000
71159000
71161000
71162011
71162080
71171100
71171900
71179000
71181000
71189000
72011011
72011019
72011030
72011090
72012000
72015010
72015090
72021120
72021180
72021900
72022100
72022910
72022990
72023000
72024110
72024190
72024910
72024950
72024990
72025000
72026000
72027000
72028000
72029100
72029200
72029300
72029910
72029930
72029980
72031000
72039000
72041000
72042110
72042190
72042900
72043000
72044110
72044191
72044199
72044910
72044930
72044990
72045000
72051000
72052100
72052900
72061000
72069000
72071111
72071114
72071116
72071190
72071210
72071290
72071912
72071919
72071980
72072011
72072015
72072017
72072019
72072032
72072039
72072052
72072059
72072080
72081000
72082500
72082600
72082700
72083600
72083700
72083800
72083900
72084000
72085120
72085191
72085198
72085210
72085291
72085299
72085310
72085390
72085400
72089020
72089080
72091500
72091610
72091690
72091710
72091790
72091810
72091891
72091899
72092500
72092610
72092690
72092710
72092790
72092810
72092890
72099020
72099080
72101100
72101220
72101280
72102000
72103000
72104100
72104900
72105000
72106100
72106900
72107010
72107080
72109030
72109040
72109080
72111300
72111400
72111900
72112320
72112330
72112380
72112900
72119020
72119080
72121010
72121090
72122000
72123000
72124020
72124080
72125020
72125030
72125040
72125061
72125069
72125090
72126000
72131000
72132000
72139110
72139120
72139141
72139149
72139170
72139190
72139910
72139990
72141000
72142000
72143000
72149110
72149190
72149910
72149931
72149939
72149950
72149971
72149979
72149995
72151000
72155011
72155019
72155080
72159000
72161000
72162100
72162200
72163110
72163190
72163211
72163219
72163291
72163299
72163310
72163390
72164010
72164090
72165010
72165091
72165099
72166110
72166190
72166900
72169110
72169180
72169900
72171010
72171031
72171039
72171050
72171090
72172010
72172030
72172050
72172090
72173041
72173049
72173050
72173090
72179020
72179050
72179090
72181000
72189110
72189180
72189911
72189919
72189920
72189980
72191100
72191210
72191290
72191310
72191390
72191410
72191490
72192110
72192190
72192210
72192290
72192300
72192400
72193100
72193210
72193290
72193310
72193390
72193410
72193490
72193510
72193590
72199020
72199080
72201100
72201200
72202021
72202029
72202041
72202049
72202081
72202089
72209020
72209080
72210010
72210090
72221111
72221119
72221181
72221189
72221910
72221990
72222011
72222019
72222021
72222029
72222031
72222039
72222081
72222089
72223051
72223091
72223097
72224010
72224050
72224090
72230011
72230019
72230091
72230099
72241010
72241090
72249002
72249003
72249005
72249007
72249014
72249018
72249031
72249038
72249090
72251100
72251910
72251990
72253010
72253030
72253090
72254012
72254015
72254040
72254060
72254090
72255020
72255080
72259100
72259200
72259900
72261100
72261910
72261980
72262000
72269120
72269191
72269199
72269200
72269910
72269930
72269970
72271000
72272000
72279010
72279050
72279095
72281020
72281050
72281090
72282010
72282091
72282099
72283020
72283041
72283049
72283061
72283069
72283070
72283089
72284010
72284090
72285020
72285040
72285061
72285069
72285080
72286020
72286080
72287010
72287090
72288000
72292000
72299020
72299050
72299090
73011000
73012000
73021010
73021022
73021028
73021040
73021050
73021090
73023000
73024000
73029000
73030010
73030090
73041100
73041910
73041930
73041990
73042200
73042300
73042400
73042910
73042930
73042990
73043120
73043180
73043950
73043982
73043983
73043988
73044100
73044983
73044985
73044989
73045110
73045181
73045189
73045930
73045982
73045983
73045989
73049000
73051100
73051200
73051900
73052000
73053100
73053900
73059000
73061100
73061900
73062100
73062900
73063012
73063018
73063041
73063049
73063072
73063077
73063080
73064020
73064080
73065021
73065029
73065080
73066110
73066192
73066199
73066910
73066990
73069000
73071110
73071190
73071910
73071990
73072100
73072210
73072290
73072310
73072390
73072910
73072980
73079100
73079210
73079290
73079311
73079319
73079391
73079399
73079910
73079980
73081000
73082010
73082090
73083000
73084000
73089051
73089059
73089098
73090010
73090030
73090051
73090059
73090090
73101000
73102111
73102119
73102191
73102199
73102910
73102990
73110011
73110013
73110019
73110030
73110091
73110099
73121020
73121041
73121049
73121061
73121065
73121069
73121081
73121083
73121085
73121089
73121098
73129000
73130000
73141200
73141400
73141900
73142010
73142090
73143100
73143900
73144100
73144200
73144900
73145000
73151110
73151190
73151200
73151900
73152000
73158100
73158200
73158900
73159000
73160000
73170020
73170060
73170080
73181100
73181210
73181290
73181300
73181410
73181491
73181499
73181520
73181535
73181542
73181548
73181552
73181558
73181562
73181568
73181575
73181582
73181588
73181595
73181631
73181639
73181640
73181660
73181692
73181699
73181900
73182100
73182200
73182300
73182400
73182900
73194000
73199010
73199090
73201011
73201019
73201090
73202020
73202081
73202085
73202089
73209010
73209030
73209090
73211110
73211190
73211200
73211900
73218100
73218200
73218900
73219000
73221100
73221900
73229000
73231000
73239100
73239200
73239300
73239400
73239900
73241000
73242100
73242900
73249000
73251000
73259100
73259910
73259990
73261100
73261910
73261990
73262000
73269030
73269040
73269050
73269060
73269092
73269094
73269096
73269098
74010000
74020000
74031100
74031200
74031300
74031900
74032100
74032200
74032900
74040010
74040091
74040099
74050000
74061000
74062000
74071000
74072110
74072190
74072900
74081100
74081910
74081990
74082100
74082200
74082900
74091100
74091900
74092100
74092900
74093100
74093900
74094000
74099000
74101100
74101200
74102100
74102200
74111010
74111090
74112110
74112190
74112200
74112900
74121000
74122000
74130000
74151000
74152100
74152900
74153300
74153900
74181010
74181090
74182000
74192000
74198010
74198030
74198090
75011000
75012000
75021000
75022000
75030010
75030090
75040000
75051100
75051200
75052100
75052200
75061000
75062000
75071100
75071200
75072000
75081000
75089000
76011010
76011090
76012030
76012040
76012080
76020011
76020019
76020090
76031000
76032000
76041010
76041090
76042100
76042910
76042990
76051100
76051900
76052100
76052900
76061130
76061150
76061191
76061193
76061199
76061211
76061219
76061230
76061250
76061292
76061293
76061299
76069100
76069200
76071111
76071119
76071190
76071910
76071990
76072010
76072091
76072099
76081000
76082020
76082081
76082089
76090000
76101000
76109010
76109090
76110000
76121000
76129020
76129030
76129080
76130000
76141000
76149000
76151010
76151030
76151080
76152000
76161000
76169100
76169910
76169990
78011000
78019100
78019910
78019990
78020000
78041100
78041900
78042000
78060010
78060080
79011100
79011210
79011230
79011290
79012000
79020000
79031000
79039000
79040000
79050000
79070000
80011000
80012000
80020000
80030000
80070010
80070080
81011000
81019400
81019600
81019700
81019910
81019990
81021000
81029400
81029500
81029600
81029700
81029900
81032000
81033000
81039100
81039910
81039990
81041100
81041900
81042000
81043000
81049000
81052000
81053000
81059000
81061010
81061090
81069010
81069090
81082000
81083000
81089030
81089050
81089060
81089090
81092100
81092900
81093100
81093900
81099100
81099900
81101000
81102000
81109000
81110011
81110019
81110090
81121200
81121300
81121900
81122110
81122190
81122200
81122900
81123100
81123900
81124110
81124190
81124900
81125100
81125200
81125900
81126100
81126910
81126990
81129221
81129240
81129281
81129289
81129291
81129295
81129940
81129950
81129970
81130020
81130040
81130090
82011000
82013000
82014000
82015000
82016000
82019000
82021000
82022000
82023100
82023900
82024000
82029100
82029920
82029980
82031000
82032000
82033000
82034000
82041100
82041200
82042000
82051000
82052000
82053000
82054000
82055100
82055910
82055980
82056000
82057000
82059010
82059090
82060000
82071300
82071910
82071990
82072010
82072090
82073010
82073090
82074010
82074030
82074090
82075010
82075030
82075050
82075060
82075070
82075090
82076010
82076030
82076050
82076070
82076090
82077010
82077031
82077037
82077090
82078011
82078019
82078090
82079010
82079030
82079050
82079071
82079078
82079091
82079099
82081000
82082000
82083000
82084000
82089000
82090020
82090080
82100000
82111000
82119100
82119200
82119300
82119400
82119500
82121010
82121090
82122000
82129000
82130000
82141000
82142000
82149000
82151020
82151030
82151080
82152010
82152090
82159100
82159910
82159990
83011000
83012000
83013000
83014011
83014019
83014090
83015000
83016000
83017000
83021000
83022000
83023000
83024110
83024150
83024190
83024200
83024900
83025000
83026000
83030040
83030090
83040000
83051000
83052000
83059000
83061000
83062100
83062900
83063000
83071000
83079000
83081000
83082000
83089000
83091000
83099010
83099090
83100000
83111000
83112000
83113000
83119000
84011000
84012000
84013000
84014000
84021100
84021200
84021910
84021990
84022000
84029000
84031010
84031090
84039010
84039090
84041000
84042000
84049000
84051000
84059000
84061000
84068100
84068200
84069010
84069090
84071000
84072110
84072191
84072199
84072900
84073100
84073210
84073290
84073320
84073380
84073410
84073430
84073491
84073499
84079010
84079050
84079080
84079090
84081011
84081019
84081023
84081027
84081031
84081039
84081041
84081049
84081051
84081059
84081061
84081069
84081071
84081079
84081081
84081089
84081091
84081099
84082010
84082031
84082035
84082037
84082051
84082055
84082057
84082099
84089021
84089027
84089041
84089043
84089045
84089047
84089061
84089065
84089067
84089081
84089085
84089089
84091000
84099100
84099900
84101100
84101200
84101300
84109010
84109020
84109090
84111100
84111210
84111230
84111280
84112100
84112220
84112280
84118100
84118220
84118260
84118280
84119100
84119900
84121000
84122120
84122180
84122920
84122981
84122989
84123100
84123900
84128010
84128080
84129020
84129040
84129060
84129070
84131100
84131900
84132000
84133020
84133080
84134000
84135020
84135040
84135061
84135069
84135080
84136020
84136031
84136039
84136061
84136069
84136070
84136080
84137021
84137029
84137030
84137035
84137045
84137051
84137059
84137065
84137075
84137081
84137089
84138100
84138200
84139100
84139200
84141015
84141025
84141081
84141089
84142020
84142080
84143020
84143081
84143089
84144010
84144090
84145100
84145915
84145925
84145935
84145995
84146000
84147000
84148011
84148019
84148022
84148028
84148051
84148059
84148073
84148075
84148078
84148080
84149000
84151010
84151090
84152000
84158100
84158200
84158300
84159000
84161010
84161090
84162010
84162020
84162080
84163000
84169000
84171000
84172010
84172090
84178030
84178050
84178070
84179000
84181020
84181080
84182110
84182151
84182159
84182191
84182199
84182900
84183020
84183080
84184020
84184080
84185011
84185019
84185090
84186100
84186900
84189100
84189910
84189990
84191100
84191200
84191900
84192000
84193300
84193400
84193500
84193900
84194000
84195020
84195080
84196000
84198120
84198180
84198910
84198930
84198998
84199015
84199085
84201010
84201030
84201081
84201089
84209110
84209180
84209900
84211100
84211200
84211920
84211970
84212100
84212200
84212300
84212920
84212980
84213100
84213200
84213915
84213925
84213935
84213985
84219100
84219910
84219990
84221100
84221900
84222000
84223000
84224000
84229010
84229090
84231010
84231090
84232010
84232090
84233010
84233090
84238121
84238123
84238125
84238129
84238180
84238220
84238281
84238289
84238920
84238980
84239010
84239090
84241000
84242000
84243001
84243008
84243010
84243090
84244100
84244910
84244990
84248210
84248290
84248940
84248970
84249020
84249080
84251100
84251900
84253100
84253900
84254100
84254200
84254900
84261100
84261200
84261900
84262000
84263000
84264100
84264900
84269110
84269190
84269900
84271010
84271090
84272011
84272019
84272090
84279000
84281020
84281080
84282020
84282080
84283100
84283200
84283300
84283920
84283990
84284000
84286000
84287000
84289071
84289079
84289090
84291100
84291900
84292000
84293000
84294010
84294030
84294090
84295110
84295191
84295199
84295210
84295290
84295900
84301000
84302000
84303100
84303900
84304100
84304900
84305000
84306100
84306900
84311000
84312000
84313100
84313900
84314100
84314200
84314300
84314920
84314980
84321000
84322100
84322910
84322930
84322950
84322990
84323100
84323911
84323919
84323990
84324100
84324200
84328000
84329000
84331110
84331151
84331159
84331190
84331910
84331951
84331959
84331970
84331990
84332010
84332050
84332090
84333000
84334000
84335100
84335200
84335310
84335330
84335390
84335911
84335919
84335985
84336000
84339000
84341000
84342000
84349000
84351000
84359000
84361000
84362100
84362900
84368010
84368090
84369100
84369900
84371000
84378000
84379000
84381010
84381090
84382000
84383000
84384000
84385000
84386000
84388010
84388091
84388099
84389000
84391000
84392000
84393000
84399100
84399900
84401010
84401020
84401030
84401040
84401090
84409000
84411010
84411020
84411030
84411070
84412000
84413000
84414000
84418000
84419010
84419090
84423000
84424000
84425000
84431100
84431200
84431310
84431332
84431334
84431338
84431390
84431400
84431500
84431600
84431700
84431920
84431940
84431970
84433100
84433210
84433280
84433900
84439110
84439191
84439199
84439910
84439990
84440010
84440090
84451100
84451200
84451300
84451900
84452000
84453000
84454000
84459000
84461000
84462100
84462900
84463000
84471100
84471200
84472020
84472080
84479000
84481100
84481900
84482000
84483100
84483200
84483300
84483900
84484200
84484900
84485110
84485190
84485900
84490000
84501111
84501119
84501190
84501200
84501900
84502000
84509000
84511000
84512100
84512900
84513000
84514000
84515000
84518010
84518030
84518080
84519000
84521011
84521019
84521090
84522100
84522900
84523000
84529000
84531000
84532000
84538000
84539000
84541000
84542000
84543010
84543090
84549000
84551000
84552100
84552200
84553010
84553031
84553039
84553090
84559000
84561110
84561190
84561210
84561290
84562000
84563011
84563019
84563090
84564000
84565000
84569000
84571010
84571090
84572000
84573010
84573090
84581120
84581141
84581149
84581180
84581900
84589120
84589180
84589900
84591000
84592100
84592900
84593100
84593900
84594100
84594900
84595100
84595900
84596110
84596190
84596910
84596990
84597000
84601200
84601900
84602200
84602300
84602400
84602910
84602990
84603100
84603900
84604010
84604090
84609000
84612000
84613010
84613090
84614011
84614019
84614031
84614039
84614071
84614079
84614090
84615011
84615019
84615090
84619000
84621110
84621190
84621910
84621990
84622210
84622290
84622300
84622400
84622500
84622600
84622900
84623210
84623290
84623300
84623900
84624200
84624900
84625100
84625900
84626110
84626190
84626210
84626290
84626310
84626390
84626910
84626990
84629010
84629090
84631010
84631090
84632000
84633000
84639000
84641000
84642011
84642019
84642080
84649000
84651010
84651090
84652000
84659110
84659120
84659190
84659200
84659300
84659400
84659500
84659600
84659900
84661020
84661031
84661038
84661080
84662020
84662091
84662098
84663000
84669120
84669195
84669220
84669280
84669340
84669350
84669360
84669400
84671110
84671190
84671900
84672110
84672191
84672199
84672210
84672230
84672290
84672920
84672951
84672953
84672959
84672970
84672980
84672985
84678100
84678900
84679100
84679200
84679900
84681000
84682000
84688000
84689000
84701000
84702100
84702900
84703000
84705000
84709000
84713000
84714100
84714900
84715000
84716060
84716070
84717020
84717030
84717050
84717070
84717080
84717098
84718000
84719000
84721000
84723000
84729010
84729080
84732110
84732190
84732910
84732990
84733020
84733080
84734010
84734080
84735020
84735080
84741000
84742000
84743100
84743200
84743900
84748010
84748090
84749010
84749090
84751000
84752100
84752900
84759010
84759090
84762100
84762900
84768100
84768910
84768990
84769010
84769090
84771000
84772000
84773000
84774000
84775100
84775910
84775980
84778011
84778019
84778091
84778093
84778095
84778099
84779010
84779080
84781000
84789000
84791000
84792000
84793010
84793090
84794000
84795000
84796000
84797100
84797900
84798100
84798200
84798300
84798930
84798960
84798970
84798997
84799015
84799020
84799070
84801000
84802000
84803010
84803090
84804100
84804900
84805000
84806000
84807100
84807900
84811005
84811019
84811099
84812010
84812090
84813091
84813099
84814010
84814090
84818011
84818019
84818031
84818039
84818040
84818051
84818059
84818061
84818063
84818069
84818071
84818073
84818079
84818081
84818085
84818087
84818099
84819000
84821010
84821090
84822000
84823000
84824000
84825000
84828000
84829110
84829190
84829900
84831021
84831025
84831029
84831050
84831095
84832000
84833032
84833038
84833080
84834021
84834023
84834025
84834029
84834030
84834051
84834059
84834090
84835020
84835080
84836020
84836080
84839020
84839081
84839089
84841000
84842000
84849000
84851000
84852000
84853010
84853090
84858010
84858090
84859010
84859090
84861000
84862000
84863000
84864000
84869000
84871010
84871090
84879040
84879051
84879057
84879059
84879090
85011010
85011091
85011093
85011099
85012000
85013100
85013200
85013310
85013390
85013400
85014020
85014080
85015100
85015220
85015230
85015290
85015350
85015381
85015394
85015399
85016120
85016180
85016200
85016300
85016400
85017100
85017200
85018000
85021120
85021180
85021200
85021320
85021340
85021380
85022020
85022040
85022060
85022080
85023100
85023920
85023980
85024000
85030010
85030020
85030091
85030098
85041020
85041080
85042100
85042210
85042290
85042300
85043121
85043129
85043180
85043200
85043300
85043400
85044060
85044083
85044084
85044087
85044095
85045000
85049011
85049013
85049017
85049090
85051110
85051190
85051910
85051990
85052000
85059021
85059029
85059050
85059090
85061011
85061018
85061091
85061098
85063000
85064000
85065010
85065030
85065090
85066000
85068005
85068080
85069000
85071020
85071080
85072020
85072080
85073020
85073080
85075000
85076000
85078000
85079031
85079039
85079080
85081100
85081900
85086000
85087000
85094000
85098000
85099000
85101000
85102000
85103000
85109000
85111000
85112000
85113000
85114000
85115000
85118000
85119000
85121000
85122000
85123010
85123090
85124000
85129010
85129090
85131000
85139000
85141100
85141910
85141980
85142010
85142080
85143110
85143190
85143210
85143290
85143910
85143990
85144000
85149030
85149070
85151100
85151910
85151990
85152100
85152900
85153100
85153913
85153918
85153990
85158010
85158090
85159020
85159080
85161011
85161080
85162100
85162910
85162950
85162991
85162999
85163100
85163200
85163300
85164000
85165000
85166010
85166050
85166070
85166080
85166090
85167100
85167200
85167920
85167970
85168020
85168080
85169000
85171100
85171300
85171400
85171800
85176100
85176200
85176910
85176920
85176930
85176990
85177100
85177900
85181000
85182100
85182200
85182900
85183000
85184000
85185000
85189000
85192010
85192091
85192099
85193000
85198100
85198900
85211000
85219000
85221000
85229000
85232100
85232915
85232919
85232990
85234110
85234130
85234190
85234910
85234920
85234990
85235110
85235190
85235200
85235910
85235990
85238010
85238090
85241100
85241200
85241900
85249100
85249200
85249900
85255000
85256000
85258100
85258200
85258300
85258900
85261000
85269120
85269180
85269200
85271200
85271300
85271900
85272130
85272170
85272192
85272198
85272900
85279100
85279200
85279900
85284200
85284900
85285210
85285291
85285299
85285900
85286200
85286920
85286980
85287100
85287210
85287220
85287230
85287240
85287260
85287280
85287300
85291011
85291030
85291065
85291069
85291080
85291095
85299015
85299030
85299093
85299096
85301000
85308000
85309000
85311030
85311095
85312020
85312040
85312095
85318040
85318070
85319000
85321000
85322100
85322200
85322300
85322400
85322500
85322900
85323000
85329000
85331000
85332100
85332900
85333100
85333900
85334010
85334090
85339000
85340011
85340019
85340090
85351000
85352100
85352900
85353010
85353090
85354000
85359000
85361010
85361050
85361090
85362010
85362090
85363010
85363030
85363090
85364110
85364190
85364900
85365003
85365005
85365007
85365011
85365015
85365019
85365080
85366110
85366190
85366910
85366930
85366990
85367000
85369001
85369010
85369040
85369095
85371010
85371091
85371095
85371098
85372091
85372099
85381000
85389011
85389019
85389091
85389099
85391000
85392130
85392192
85392198
85392210
85392290
85392930
85392992
85392998
85393110
85393190
85393220
85393290
85393920
85393980
85394100
85394900
85395100
85395200
85399010
85399090
85401100
85401200
85402010
85402080
85404000
85406000
85407100
85407900
85408100
85408900
85409100
85409900
85411000
85412100
85412900
85413000
85414100
85414200
85414300
85414900
85415100
85415900
85416000
85419000
85423111
85423119
85423190
85423211
85423219
85423231
85423239
85423245
85423255
85423261
85423269
85423275
85423290
85423310
85423390
85423911
85423919
85423990
85429000
85431000
85432000
85433040
85433070
85434000
85437001
85437002
85437003
85437004
85437005
85437006
85437007
85437008
85437009
85437010
85437030
85437050
85437060
85437090
85439010
85439090
85441110
85441190
85441900
85442000
85443000
85444210
85444290
85444920
85444991
85444993
85444995
85444999
85446010
85446090
85447000
85451100
85451900
85452000
85459010
85459090
85461000
85462000
85469010
85469090
85471000
85472000
85479000
85480020
85480030
85480090
85491110
85491190
85491210
85491220
85491290
85491310
85491320
85491390
85491410
85491420
85491490
85491910
85491920
85491990
85492100
85492900
85493100
85493900
85499100
85499900
86011000
86012000
86021000
86029000
86031000
86039000
86040000
86050000
86061000
86063000
86069110
86069180
86069200
86069900
86071100
86071200
86071910
86071990
86072110
86072190
86072900
86073000
86079110
86079190
86079910
86079980
86080000
86090010
86090090
87011000
87012110
87012190
87012210
87012290
87012310
87012390
87012410
87012490
87012900
87013000
87019110
87019190
87019210
87019290
87019310
87019390
87019410
87019490
87019510
87019590
87021011
87021019
87021091
87021099
87022010
87022090
87023010
87023090
87024000
87029011
87029019
87029031
87029039
87029090
87031011
87031018
87032110
87032190
87032210
87032290
87032311
87032319
87032390
87032410
87032490
87033110
87033190
87033211
87033219
87033290
87033311
87033319
87033390
87034010
87034090
87035000
87036010
87036090
87037000
87038010
87038090
87039000
87041010
87041090
87042110
87042131
87042139
87042191
87042199
87042210
87042291
87042299
87042310
87042391
87042399
87043110
87043131
87043139
87043191
87043199
87043210
87043291
87043299
87044110
87044131
87044139
87044191
87044199
87044210
87044291
87044299
87044310
87044391
87044399
87045110
87045131
87045139
87045191
87045199
87045210
87045291
87045299
87046000
87049000
87051000
87052000
87053000
87054000
87059030
87059080
87060011
87060019
87060091
87060099
87071010
87071090
87079010
87079090
87081010
87081090
87082110
87082190
87082210
87082290
87082910
87082990
87083010
87083091
87083099
87084020
87084050
87084091
87084099
87085020
87085035
87085055
87085091
87085099
87087010
87087050
87087091
87087099
87088020
87088035
87088055
87088091
87088099
87089120
87089135
87089191
87089199
87089220
87089235
87089291
87089299
87089310
87089390
87089420
87089435
87089491
87089499
87089510
87089591
87089599
87089910
87089993
87089997
87091110
87091190
87091910
87091990
87099000
87100000
87111000
87112010
87112092
87112098
87113010
87113090
87114000
87115000
87116010
87116090
87119000
87120030
87120070
87131000
87139000
87141010
87141020
87141030
87141040
87141050
87141090
87142000
87149110
87149130
87149190
87149210
87149290
87149300
87149420
87149490
87149500
87149610
87149630
87149690
87149910
87149930
87149950
87149990
87150010
87150090
87161092
87161098
87162000
87163100
87163910
87163930
87163950
87163980
87164000
87168000
87169010
87169030
87169050
87169090
88010010
88010090
88021100
88021200
88022000
88023000
88024000
88026011
88026019
88026090
88040000
88051010
88051090
88052100
88052900
88061010
88061090
88062110
88062190
88062210
88062290
88062300
88062400
88062910
88062920
88069100
88069200
88069300
88069400
88069910
88069920
88071000
88072000
88073000
88079010
88079021
88079029
88079030
88079090
89011010
89011090
89012010
89012090
89013010
89013090
89019010
89019090
89020010
89020090
89031100
89031200
89031900
89032100
89032210
89032290
89032310
89032390
89033100
89033210
89033290
89033310
89033390
89039310
89039390
89039910
89039999
89040010
89040091
89040099
89051010
89051090
89052000
89059010
89059090
89061000
89069010
89069091
89069099
89071000
89079000
89080000
90011010
90011090
90012000
90013000
90014020
90014041
90014049
90014080
90015020
90015041
90015049
90015080
90019000
90021100
90021900
90022000
90029000
90031100
90031900
90039000
90041010
90041091
90041099
90049010
90049090
90051000
90058000
90059000
90063000
90064000
90065310
90065380
90065900
90066100
90066900
90069100
90069900
90071000
90072000
90079100
90079200
90085000
90089000
90101000
90105000
90106000
90109020
90109080
90111000
90112010
90112090
90118000
90119000
90121000
90129000
90131010
90131090
90132000
90138040
90138080
90139005
90139080
90141000
90142020
90142080
90148000
90149000
90151000
90152000
90153010
90153090
90154000
90158020
90158040
90158080
90159000
90160010
90160090
90171010
90171090
90172005
90172010
90172039
90172090
90173000
90178010
90178090
90179000
90181100
90181200
90181300
90181400
90181910
90181990
90182000
90183110
90183190
90183210
90183290
90183900
90184100
90184910
90184990
90185010
90185090
90189010
90189020
90189030
90189040
90189050
90189060
90189075
90189084
90191010
90191090
90192010
90192020
90192090
90200010
90200090
90211010
90211090
90212110
90212190
90212900
90213100
90213910
90213990
90214000
90215000
90219010
90219090
90221200
90221300
90221400
90221900
90222100
90222900
90223000
90229020
90229080
90230010
90230080
90241020
90241040
90241080
90248000
90249000
90251120
90251180
90251900
90258020
90258040
90258080
90259000
90261021
90261029
90261081
90261089
90262020
90262040
90262080
90268020
90268080
90269000
90271010
90271090
90272000
90273000
90275000
90278100
90278910
90278930
90278990
90279000
90281000
90282000
90283011
90283019
90283090
90289010
90289090
90291000
90292031
90292038
90292090
90299000
90301000
90302000
90303100
90303200
90303320
90303370
90303900
90304000
90308200
90308400
90308900
90309000
90311000
90312000
90314100
90314910
90314990
90318020
90318080
90319000
90321020
90321080
90322000
90328100
90328900
90329000
90330010
90330090
91011100
91011900
91012100
91012900
91019100
91019900
91021100
91021200
91021900
91022100
91022900
91029100
91029900
91031000
91039000
91040000
91051100
91051900
91052100
91052900
91059100
91059900
91061000
91069000
91070000
91081100
91081200
91081900
91082000
91089000
91091000
91099000
91101110
91101190
91101200
91101900
91109000
91111000
91112000
91118000
91119000
91122000
91129000
91131010
91131090
91132000
91139000
91143000
91144000
91149010
91149090
92011010
92011090
92012000
92019000
92021010
92021090
92029030
92029080
92051000
92059010
92059030
92059050
92059090
92060000
92071010
92071030
92071050
92071080
92079010
92079090
92081000
92089000
92093000
92099100
92099200
92099400
92099920
92099940
92099950
92099970
93011000
93012000
93019000
93020000
93031000
93032010
93032095
93033000
93039000
93040000
93051000
93052000
93059100
93059900
93062100
93062900
93063010
93063030
93063090
93069010
93069090
93070000
94011000
94012000
94013100
94013900
94014100
94014900
94015200
94015300
94015900
94016100
94016900
94017100
94017900
94018000
94019110
94019190
94019910
94019920
94019980
94021000
94029000
94031051
94031058
94031091
94031093
94031098
94032020
94032080
94033011
94033019
94033091
94033099
94034010
94034090
94035000
94036010
94036030
94036090
94037000
94038200
94038300
94038900
94039100
94039910
94039990
94041000
94042110
94042190
94042910
94042990
94043000
94044010
94044090
94049010
94049090
94051140
94051150
94051190
94051940
94051950
94051990
94052140
94052150
94052190
94052940
94052950
94052990
94053100
94053900
94054110
94054131
94054139
94054210
94054231
94054239
94054910
94054940
94054990
94055000
94056120
94056180
94056920
94056980
94059110
94059190
94059200
94059900
94061000
94062000
94069010
94069031
94069038
94069090
95030010
95030021
95030029
95030030
95030035
95030039
95030041
95030049
95030055
95030061
95030069
95030070
95030075
95030079
95030081
95030085
95030087
95030095
95030099
95042000
95043010
95043020
95043090
95044000
95045000
95049010
95049080
95051010
95051090
95059000
95061110
95061121
95061129
95061180
95061200
95061900
95062100
95062900
95063100
95063200
95063910
95063990
95064000
95065100
95065900
95066100
95066200
95066910
95066990
95067010
95067030
95067090
95069110
95069190
95069910
95069990
95071000
95072010
95072090
95073000
95079000
95081000
95082100
95082200
95082300
95082400
95082500
95082600
95082900
95083000
95084000
96011000
96019000
96020000
96031000
96032100
96032930
96032980
96033010
96033090
96034010
96034090
96035000
96039010
96039091
96039099
96040000
96050000
96061000
96062100
96062200
96062900
96063000
96071100
96071900
96072010
96072090
96081010
96081092
96081099
96082000
96083000
96084000
96085000
96086000
96089100
96089900
96091010
96091090
96092000
96099010
96099090
96100000
96110000
96121010
96121020
96121080
96122000
96131000
96132000
96138000
96139000
96140010
96140090
96151100
96151900
96159000
96161010
96161090
96162000
96170000
96180000
96190030
96190040
96190050
96190071
96190075
96190079
96190081
96190089
96200010
96200091
96200099
97012100
97012200
97012900
97019100
97019200
97019900
97021000
97029000
97031000
97039000
97040000
97051000
97052100
97052200
97052900
97053100
97053900
97061000
97069000
99500000
99510000
